[LEFT_CAM_2K]
fx=1065.87
fy=1064.94
cx=1112.65
cy=640.737
k1=-0.0644799
k2=0.0414727
p1=2.32191e-05
p2=0.000663395
k3=-0.0160775

[RIGHT_CAM_2K]
fx=1063.84
fy=1063.82
cx=1123.54
cy=632.64
k1=-0.0648757
k2=0.0410955
p1=-0.000163562
p2=-0.000147387
k3=-0.0159065

[LEFT_CAM_FHD]
fx=1065.87
fy=1064.94
cx=968.65
cy=559.737
k1=-0.0644799
k2=0.0414727
p1=2.32191e-05
p2=0.000663395
k3=-0.0160775

[RIGHT_CAM_FHD]
fx=1063.84
fy=1063.82
cx=979.54
cy=551.64
k1=-0.0648757
k2=0.0410955
p1=-0.000163562
p2=-0.000147387
k3=-0.0159065

[LEFT_CAM_HD]
fx=532.935
fy=532.47
cx=642.825
cy=368.3685
k1=-0.0644799
k2=0.0414727
p1=2.32191e-05
p2=0.000663395
k3=-0.0160775

[RIGHT_CAM_HD]
fx=531.92
fy=531.91
cx=648.27
cy=364.32
k1=-0.0648757
k2=0.0410955
p1=-0.000163562
p2=-0.000147387
k3=-0.0159065

[LEFT_CAM_VGA]
fx=266.4675
fy=266.235
cx=336.9125
cy=191.68425
k1=-0.0644799
k2=0.0414727
p1=2.32191e-05
p2=0.000663395
k3=-0.0160775

[RIGHT_CAM_VGA]
fx=265.96
fy=265.955
cx=339.635
cy=189.66
k1=-0.0648757
k2=0.0410955
p1=-0.000163562
p2=-0.000147387
k3=-0.0159065

[LEFT_DISTO]
k1=-1.55512
k2=3.20523
k3=0.0296802
k4=-1.46309
k5=3.05085
k6=0.212562
p1=-0.00012151
p2=0.000230231

[RIGHT_DISTO]
k1=-1.41084
k2=2.78938
k3=0.152093
k4=-1.31418
k5=2.62594
k6=0.335005
p1=-0.000219124
p2=-8.59225e-05

[STEREO]
Baseline=120.144
TY=-0.0708224
TZ=-0.0801476
CV_2K=-0.00199086
CV_FHD=-0.00199086
CV_HD=-0.00199086
CV_VGA=-0.00199086
RX_2K=0.00161995
RX_FHD=0.00161995
RX_HD=0.00161995
RX_VGA=0.00161995
RZ_2K=0.000540406
RZ_FHD=0.000540406
RZ_HD=0.000540406
RZ_VGA=0.000540406

[MISC]
Sensor_ID=0
